00000000000000000000000000000000000000000000000000000000000000000000000000000000
00000000000000000000000000000000000000000000000000000000000000000000000000000000
00000000000000000000000000000000000000000000000000000000000000000000000000000000
00000011100000000000000000000000000000000000000000000000000000000000000000000000
00000011100000000000000000000000000000000000000000000000000000000000000000000000
00000011100000000000000000000000000000000000000000000000000000000000000000000000
00000000011100000000000000000000000000000000000000000000000000000000000000000000
00000000011100000000000000000000000000000000000000000000000000000000000000000000
00000000011100000000000000000000000000000000000000000000000000000000000000000000
00000000000000000000000000000001110001110000000000000000000001111100000000000000
00000000000000000000000000000000000000000000000000000000000001111100000000000000
00000000000000000000000000000100001010000100000000000000000001111100000000000000
00000000000000000000000000000100001010000100000000000000000001111100000000000000
00000000000000000000000000000100001010000100000000000000000001111100000000000000
00000000000000000000000000000001110001110000000000000000000000000000000000000000
00000000000000000000000000000000000000000000000000000000000000000000000000000000
00000000000000000000000000000001110001110000000000000000000000000000000000000000
00000000000000000000000000000100001010000100000000000000000000000000000000000000
00000000000000000000000000000100001010000100000000000000000000000000000000000000
00000000000000000000000000000100001010000100000000000000000000000000000000000000
00000000000000000000000000000000000000000000000000000000000000000000000000000000
00000000000000000000000000000001110001110000000000000000000000000000000000000000
00000000000000000000000000000000000000000000000000000000000000000000000000000000
00000000000000000000000000000000000000000000000000000000000000000000000000000000
00000000000000000000000000000000000000000000000000000000000000000000000000000000