00000000000000000000000000000000000000000000000000000000000000000000000000000000
00000000000000000000000000000000000000000000000000000000000000000000000000000000
00000000000000000000000000000000000000000000000000000000000000000000000000000000
00000000000000000000000000000000000000000000000000000000000000000000000000000000
00000000000111000000000000000000000000000000000000000000000000001000000000000000
00000000001000100000000000000000000000000000000000000000000000011100000000000000
00000000010000010000000000000000000000000000000000000000000000111110000000000000
00000000010000010000000000000000000000000000000000000000000001100011000000000000
00000000010000010000000000000000000000000000000000000000000011100011100000000000
00000000001000100000000000000000000000000000000000000000000001100011000000000000
00000000000111000000000000000000000000000000000000000000000000111110000000000000
00000000000000000000000000000000000000000000000000000000000000011100000000000000
00000000000000000000000000000000000000000000000000000000000000001000000000000000
00000000000000000000000000000001111110000000000000000000000000000000000000000000
00000000000000000000000000000010000010000000000000000000000000000000000000000000
00000000000000000000000000000000000010000000000000000000000000000000000000000000
00000000000000000000000000000010000100000000000000000010010000000000000000000000
00000000000000000000000000000000110000000000000000000011110000000000000000000000
00000000000000000000000000000000000000000000000000000100001000000000000000000000
00000000000000000000000000000000000000000000000000000101101000000000000000000000
00000000000000000000000000000000000000000000000000000100001000000000000000000000
00000000000000000000000000000000000000000000000000000011110000000000000000000000
00000000000000000000000000000000000000000000000000000000000000000000000000000000
00000000000000000000000000000000000000000000000000000000000000000000000000000000
00000000000000000000000000000000000000000000000000000000000000000000000000000000